	id	rp	sp	choice	purpose	npersons	age	employ_status	mainearn	arrival_time	gender	rail_ivtt	rail_cost	rail_transfers	rail_acc_time	rail_egr_time	rail_acc_mode	rail_egr_mode	seat_status	car_ivtt	car_cost	car_walk_time	car_parking_fee	rail_comfort	rp_transfer	rp_choice	rp_rail_ovt	rp_car_ovt	Weights
0	1	1	0	0	0	3	0	0	0	0	1	2.0	40.0	0	0.33299999999999996	0.16699999999999998	0	0	0	1.0	5.0	0.16699999999999998	0	-1	0	0	0.5	0.16699999999999998	0.8390317612040569
1	2	1	0	0	0	5	0	1	0	0	1	1.633	35.0	0	0.133	0.25	0	0	0	1.5	9.0	0.017	1	-1	0	0	0.38299999999999995	0.017	0.8390317612040569
2	3	1	0	0	0	2	0	0	0	0	0	1.5	24.0	0	0.5	0.017	1	1	0	1.633	11.5	0.33299999999999996	0	-1	0	0	0.517	0.33299999999999996	0.6294429649167823
3	4	1	0	0	0	3	1	1	1	0	0	1.0	7.8	1	0.5	0.25	0	1	0	1.5	8.333	0.5	1	-1	1	0	0.75	0.5	1.535783546262419
4	5	1	0	0	0	3	0	0	0	0	1	1.6669999999999998	28.0	1	0.2	0.16699999999999998	1	0	0	1.25	5.0	0.017	1	-1	1	0	0.36700000000000005	0.017	0.8390317612040569
5	6	1	0	1	1	1	1	0	0	1	0	1.75	31.2	1	0.16699999999999998	0.16699999999999998	0	0	1	1.5	90.0	0.083	1	-1	1	1	0.33399999999999996	0.083	1.535783546262419
6	7	1	0	0	0	5	1	1	1	0	0	2.0	40.0	0	0.5	0.16699999999999998	0	1	0	2.5	3.2	0.05	0	-1	0	0	0.667	0.05	1.535783546262419
7	8	1	0	0	1	2	0	0	0	1	1	1.083	45.0	0	0.25	0.75	0	0	1	1.4169999999999998	13.0	0.067	1	-1	0	0	1.0	0.067	0.8390317612040569
8	9	1	0	1	1	1	0	0	0	1	0	2.5	42.0	1	0.16699999999999998	0.583	0	0	0	2.0	45.0	0.083	1	-1	1	1	0.75	0.083	0.6294429649167823
9	10	1	0	1	0	2	0	0	1	0	0	1.25	52.0	0	0.11699999999999999	0.16699999999999998	0	1	0	1.5830000000000002	25.0	0.41700000000000004	1	-1	0	1	0.284	0.41700000000000004	0.6294429649167823
10	11	1	0	1	0	1	0	1	0	1	0	1.8330000000000002	27.0	1	0.16699999999999998	0.033	0	1	0	1.5	35.0	0.033	0	-1	1	1	0.2	0.033	0.6294429649167823
11	12	1	0	0	0	3	1	1	0	0	1	2.0	30.0	2	0.083	0.25	1	0	0	2.0	10.0	0.33299999999999996	0	-1	2	0	0.33299999999999996	0.33299999999999996	1.6383383900657613
12	13	1	0	0	0	2	0	1	0	0	0	2.0	40.0	1	0.16699999999999998	0.083	1	1	0	1.5	17.0	0.083	0	-1	1	0	0.25	0.083	0.6294429649167823
13	14	1	0	0	0	1	0	0	1	0	0	1.75	25.0	2	0.25	0.41700000000000004	1	0	0	1.167	34.0	0.017	1	-1	2	0	0.667	0.017	0.6294429649167823
14	15	1	0	0	0	4	0	0	1	0	0	1.4169999999999998	35.0	0	0.33299999999999996	0.25	0	0	0	1.4169999999999998	9.75	0.0	1	-1	0	0	0.583	0.0	0.6294429649167823
15	16	1	0	1	1	1	0	0	1	1	0	1.8330000000000002	52.5	0	0.25	0.41700000000000004	0	1	1	2.0	20.0	0.25	1	-1	0	1	0.667	0.25	0.6294429649167823
16	17	1	0	0	0	2	0	1	0	1	0	1.5	25.0	1	0.33299999999999996	0.25	0	0	0	1.4169999999999998	5.0	0.1	0	-1	1	0	0.583	0.1	0.6294429649167823
17	18	1	0	0	0	2	1	1	0	0	1	2.0	40.0	1	0.41700000000000004	0.25	0	1	0	1.5	20.0	0.25	0	-1	1	0	0.667	0.25	1.6383383900657613
18	19	1	0	0	0	2	0	1	0	0	0	1.25	30.0	0	0.25	0.25	0	0	0	1.25	8.0	0.16699999999999998	1	-1	0	0	0.5	0.16699999999999998	0.6294429649167823
19	20	1	0	0	1	1	0	0	1	1	0	1.3330000000000002	28.0	0	0.33299999999999996	0.33299999999999996	0	0	0	1.5	30.0	0.017	1	-1	0	0	0.6659999999999999	0.017	0.6294429649167823
20	21	1	0	0	0	4	1	1	1	0	0	1.5	28.0	1	0.5	0.5	0	0	0	1.75	5.5	0.017	1	-1	1	0	1.0	0.017	1.535783546262419
21	22	1	0	1	0	2	0	0	1	0	0	1.5	35.0	1	0.16699999999999998	0.25	1	0	0	1.75	15.0	0.033	1	-1	1	1	0.41700000000000004	0.033	0.6294429649167823
22	23	1	0	1	0	2	0	1	0	1	0	1.167	35.0	0	0.16699999999999998	0.16699999999999998	0	1	0	1.3330000000000002	17.5	0.16699999999999998	1	-1	0	1	0.33399999999999996	0.16699999999999998	0.6294429649167823
23	24	1	0	0	0	2	0	1	0	0	0	1.5	40.0	0	0.16699999999999998	0.33299999999999996	0	0	0	1.3330000000000002	20.0	0.017	1	-1	0	0	0.5	0.017	0.6294429649167823
24	25	1	0	0	0	1	0	0	1	1	0	2.0	35.0	1	0.083	0.16699999999999998	0	1	0	1.5	35.0	0.033	1	-1	1	0	0.25	0.033	0.6294429649167823
25	26	1	0	0	0	4	1	1	1	0	0	1.25	35.0	1	0.33299999999999996	0.5	0	0	0	2.5	3.75	0.083	1	-1	1	0	0.833	0.083	1.535783546262419
26	27	1	0	1	0	2	0	1	0	1	1	1.5	28.0	0	0.33299999999999996	0.25	1	0	0	1.75	5.0	0.017	1	-1	0	1	0.583	0.017	0.8390317612040569
27	28	1	0	1	0	2	0	1	1	1	1	1.5	24.5	0	0.16699999999999998	0.133	1	0	0	2.25	10.0	0.25	0	-1	0	1	0.3	0.25	0.8390317612040569
28	29	1	0	0	0	4	0	1	0	1	0	2.0	35.0	2	0.16699999999999998	0.16699999999999998	0	1	0	2.0	2.5	0.16699999999999998	1	-1	2	0	0.33399999999999996	0.16699999999999998	0.6294429649167823
29	30	1	0	0	0	4	1	0	1	0	0	1.5	35.0	1	0.5	0.5	0	0	0	1.5	12.5	0.017	1	-1	1	0	1.0	0.017	1.535783546262419
30	31	1	0	1	0	2	1	1	1	0	0	2.0	10.0	0	0.33299999999999996	0.083	0	0	0	2.5	22.5	0.33299999999999996	1	-1	0	1	0.41600000000000004	0.33299999999999996	1.535783546262419
31	32	1	0	1	1	1	1	0	1	1	0	1.3330000000000002	37.0	0	0.11699999999999999	0.16699999999999998	0	0	1	1.9169999999999998	15.0	0.083	0	-1	0	1	0.284	0.083	1.535783546262419
32	33	1	0	0	0	2	1	0	1	1	1	1.5	37.5	0	0.5	0.33299999999999996	0	0	0	1.5	7.5	0.05	1	-1	0	0	0.833	0.05	1.6383383900657613
33	34	1	0	0	0	2	0	1	0	0	1	1.5	38.0	0	0.25	0.25	0	1	0	1.75	15.0	0.25	0	-1	0	0	0.5	0.25	0.8390317612040569
34	35	1	0	0	0	4	1	0	1	0	0	2.0	40.0	1	0.33299999999999996	0.25	0	0	0	1.25	7.5	0.017	1	-1	1	0	0.583	0.017	1.535783546262419
35	36	1	0	0	0	2	0	0	1	0	0	1.5	75.0	1	0.5	0.75	0	0	0	2.5	12.5	0.083	0	-1	1	0	1.25	0.083	0.6294429649167823
36	37	1	0	0	0	2	0	1	1	1	1	3.0	52.0	2	0.16699999999999998	0.16699999999999998	0	0	0	1.25	11.0	0.083	1	-1	2	0	0.33399999999999996	0.083	0.8390317612040569
37	38	1	0	0	0	2	0	0	0	1	1	1.5	36.0	1	0.16699999999999998	0.41700000000000004	0	1	0	1.25	25.0	0.16699999999999998	1	-1	1	0	0.584	0.16699999999999998	0.8390317612040569
38	39	1	0	1	1	1	0	0	1	1	0	1.5	40.0	1	0.16699999999999998	0.11699999999999999	0	0	0	1.167	60.0	0.033	1	-1	1	1	0.284	0.033	0.6294429649167823
39	40	1	0	1	1	1	1	0	1	1	0	1.75	60.0	1	0.16699999999999998	0.33299999999999996	0	1	1	2.25	25.0	0.0	0	-1	1	1	0.5	0.0	1.535783546262419
40	41	1	0	0	0	2	1	0	1	0	0	2.0	40.0	1	0.33299999999999996	0.16699999999999998	0	0	0	1.25	49.995	0.017	1	-1	1	0	0.5	0.017	1.535783546262419
41	42	1	0	0	0	4	1	0	1	0	0	1.25	34.0	0	0.25	0.41700000000000004	0	0	0	1.25	11.25	0.017	0	-1	0	0	0.667	0.017	1.535783546262419
42	43	1	0	1	0	4	0	0	1	1	0	2.0	35.0	1	0.25	0.25	1	0	0	2.0	9.375	0.017	1	-1	1	1	0.5	0.017	0.6294429649167823
43	44	1	0	0	0	1	0	1	0	1	1	2.0	50.0	2	0.33299999999999996	0.5	0	0	0	2.0	36.0	0.017	1	-1	2	0	0.833	0.017	0.8390317612040569
44	45	1	0	0	0	3	0	1	0	0	0	1.75	30.0	0	0.083	0.0	1	1	0	1.5	11.333	0.0	0	-1	0	0	0.083	0.0	0.6294429649167823
45	46	1	0	0	0	4	0	0	1	0	0	1.5	33.0	1	0.25	0.33299999999999996	0	0	0	1.0	3.125	0.083	1	-1	1	0	0.583	0.083	0.6294429649167823
46	47	1	0	0	0	3	0	0	0	0	1	1.167	32.0	1	0.25	0.083	0	1	0	1.167	5.0	0.083	0	-1	1	0	0.33299999999999996	0.083	0.8390317612040569
47	48	1	0	0	0	4	0	1	0	0	0	1.8330000000000002	40.0	0	0.16699999999999998	0.25	1	0	0	2.0	6.25	0.083	1	-1	0	0	0.41700000000000004	0.083	0.6294429649167823
48	49	1	0	0	0	2	0	1	1	0	0	1.3330000000000002	45.0	1	0.16699999999999998	0.25	0	1	0	1.5	11.0	0.083	1	-1	1	0	0.41700000000000004	0.083	0.6294429649167823
49	50	1	0	1	0	1	1	1	1	1	1	1.5	10.0	0	0.25	0.33299999999999996	0	0	1	1.75	31.0	0.083	1	-1	0	1	0.583	0.083	1.6383383900657613
50	51	1	0	1	1	1	1	0	1	1	0	1.75	60.3	1	0.11699999999999999	0.133	0	1	1	1.75	23.0	0.017	0	-1	1	1	0.25	0.017	1.535783546262419
51	53	1	0	0	0	2	0	1	0	1	0	1.5	40.0	0	0.16699999999999998	0.25	0	0	0	2.0	4.995	0.25	0	-1	0	0	0.41700000000000004	0.25	0.6294429649167823
52	54	1	0	0	0	2	1	1	1	0	1	1.5	42.5	1	0.1	0.083	1	1	0	1.5	7.5	0.083	0	-1	1	0	0.183	0.083	1.6383383900657613
53	55	1	0	0	0	2	1	0	1	0	0	1.25	56.0	0	0.33299999999999996	0.75	0	0	0	1.25	10.0	0.017	1	-1	0	0	1.083	0.017	1.535783546262419
54	56	1	0	1	0	1	0	0	1	0	0	2.0	50.0	1	0.16699999999999998	0.33299999999999996	1	0	0	1.0	12.0	0.017	1	-1	1	1	0.5	0.017	0.6294429649167823
55	57	1	0	0	0	3	1	0	1	0	1	1.167	30.0	1	0.25	0.16699999999999998	0	0	0	2.0	10.0	0.033	0	-1	1	0	0.41700000000000004	0.033	1.6383383900657613
56	58	1	0	1	0	2	0	1	0	1	1	2.05	44.9	1	0.083	0.3	0	1	0	2.0	7.5	0.11699999999999999	0	-1	1	1	0.38299999999999995	0.11699999999999999	0.8390317612040569
57	59	1	0	0	0	4	0	1	0	1	1	1.5	30.0	0	1.0	0.33299999999999996	0	0	0	2.0	8.75	0.017	1	-1	0	0	1.3330000000000002	0.017	0.8390317612040569
58	60	1	0	0	0	2	1	0	0	0	1	2.0	40.0	1	0.16699999999999998	0.25	0	0	0	1.25	12.5	0.083	1	-1	1	0	0.41700000000000004	0.083	1.6383383900657613
59	61	1	0	0	0	3	1	1	0	1	1	1.25	42.5	0	0.33299999999999996	0.16699999999999998	0	0	0	1.25	8.333	0.033	1	-1	0	0	0.5	0.033	1.6383383900657613
60	62	1	0	1	1	6	0	0	0	1	0	1.25	15.0	0	0.083	0.33299999999999996	0	1	0	1.25	12.5	0.33299999999999996	0	-1	0	1	0.41600000000000004	0.33299999999999996	0.6294429649167823
61	63	1	0	0	0	2	0	1	0	0	0	2.0	42.0	1	0.11699999999999999	0.16699999999999998	1	1	0	2.0	9.0	0.16699999999999998	0	-1	1	0	0.284	0.16699999999999998	0.6294429649167823
62	64	1	0	1	0	5	0	1	0	0	1	1.75	12.0	1	0.05	0.16699999999999998	0	0	0	1.5	1.2	0.083	0	-1	1	1	0.217	0.083	0.8390317612040569
63	65	1	0	0	0	4	0	0	1	0	0	1.5	33.0	0	0.33299999999999996	0.083	0	0	0	1.75	0.25	0.017	1	-1	0	0	0.41600000000000004	0.017	0.6294429649167823
64	66	1	0	1	0	2	1	1	0	0	0	1.25	36.2	0	0.133	1.25	0	1	0	1.5	40.0	0.017	1	-1	0	1	1.383	0.017	1.535783546262419
65	67	1	0	1	0	6	1	0	0	0	1	1.5	22.0	0	0.16699999999999998	0.16699999999999998	0	1	0	1.5	4.167	0.25	0	-1	0	1	0.33399999999999996	0.25	1.6383383900657613
66	68	1	0	0	0	4	1	0	1	1	0	1.5	35.0	1	0.16699999999999998	0.25	1	1	0	1.9169999999999998	2.5	0.16699999999999998	0	-1	1	0	0.41700000000000004	0.16699999999999998	1.535783546262419
67	69	1	0	0	0	4	0	1	0	0	1	2.0	29.0	1	0.5	0.33299999999999996	0	0	0	1.75	5.0	0.16699999999999998	0	-1	1	0	0.833	0.16699999999999998	0.8390317612040569
68	70	1	0	1	1	1	0	0	1	0	0	1.5	33.0	1	0.16699999999999998	0.33299999999999996	0	1	0	2.0	50.0	0.017	0	-1	1	1	0.5	0.017	0.6294429649167823
69	71	1	0	1	0	1	0	1	0	0	1	1.25	35.0	0	0.33299999999999996	0.41700000000000004	0	0	0	1.25	20.0	0.017	1	-1	0	1	0.75	0.017	0.8390317612040569
70	72	1	0	0	0	1	1	0	1	0	0	1.25	30.0	0	0.25	0.25	0	0	0	1.25	40.0	0.083	0	-1	0	0	0.5	0.083	1.535783546262419
71	73	1	0	0	0	2	0	0	1	0	0	1.5	40.0	0	1.0	0.25	0	0	0	1.5	13.0	0.033	1	-1	0	0	1.25	0.033	0.6294429649167823
72	74	1	0	0	0	3	0	0	0	0	1	2.0	37.5	1	0.083	0.33299999999999996	0	0	0	1.4169999999999998	12.333	0.017	0	-1	1	0	0.41600000000000004	0.017	0.8390317612040569
73	75	1	0	0	1	2	0	0	1	0	0	2.0	40.0	2	0.16699999999999998	0.16699999999999998	0	0	0	2.5	19.5	0.017	1	-1	2	0	0.33399999999999996	0.017	0.6294429649167823
74	76	1	0	1	1	1	0	0	0	1	0	1.5	35.0	0	0.5	0.5	0	0	0	1.75	60.0	0.017	1	-1	0	1	1.0	0.017	0.6294429649167823
75	77	1	0	1	1	1	0	1	0	1	0	2.0	27.0	1	0.2	0.083	0	0	0	2.0	10.0	0.0	1	-1	1	1	0.28300000000000003	0.0	0.6294429649167823
76	78	1	0	1	0	2	1	0	0	0	1	1.8330000000000002	27.0	1	0.33299999999999996	0.5	0	0	0	1.5	15.0	0.017	1	-1	1	1	0.833	0.017	1.6383383900657613
77	79	1	0	1	0	4	1	1	1	1	0	2.0	25.0	2	0.083	0.16699999999999998	0	0	0	2.0	19.5	0.16699999999999998	0	-1	2	1	0.25	0.16699999999999998	1.535783546262419
78	80	1	0	0	0	1	1	1	1	0	1	2.5	40.0	1	0.5	0.5	0	0	0	2.0	15.0	0.083	1	-1	1	0	1.0	0.083	1.6383383900657613
79	81	1	0	0	0	5	0	0	1	1	1	0.8170000000000001	12.5	0	0.11699999999999999	0.16699999999999998	0	0	0	1.167	7.2	0.083	0	-1	0	0	0.284	0.083	0.8390317612040569
80	82	1	0	0	0	2	0	0	0	0	0	1.25	30.0	1	0.33299999999999996	0.25	1	0	0	1.3330000000000002	13.75	0.017	1	-1	1	0	0.583	0.017	0.6294429649167823
81	83	1	0	0	0	1	1	1	0	0	1	1.0	20.0	0	0.083	0.25	1	0	0	1.5	30.0	0.033	1	-1	0	0	0.33299999999999996	0.033	1.6383383900657613
82	84	1	0	1	0	1	0	1	0	1	1	1.5	43.0	1	0.16699999999999998	0.25	1	0	0	2.25	20.0	0.16699999999999998	1	-1	1	1	0.41700000000000004	0.16699999999999998	0.8390317612040569
83	85	1	0	1	0	3	0	1	0	0	1	1.167	27.0	2	0.75	0.16699999999999998	0	0	0	1.75	7.767	0.083	1	-1	2	1	0.917	0.083	0.8390317612040569
84	86	1	0	1	0	1	0	0	0	0	0	2.0	50.0	1	0.083	0.16699999999999998	1	0	0	1.5	25.0	0.017	1	-1	1	1	0.25	0.017	0.6294429649167823
85	88	1	0	1	0	1	1	1	0	1	1	1.5	40.0	0	0.083	0.33299999999999996	0	0	0	1.75	40.0	0.033	1	-1	0	1	0.41600000000000004	0.033	1.6383383900657613
86	90	1	0	0	0	2	1	0	1	0	0	1.0	35.2	0	0.16699999999999998	0.083	0	0	0	1.5	8.0	0.017	1	-1	0	0	0.25	0.017	1.535783546262419
87	91	1	0	1	1	1	0	0	1	1	1	1.5	26.0	1	0.16699999999999998	0.16699999999999998	1	1	0	1.5	30.0	0.017	0	-1	1	1	0.33399999999999996	0.017	0.8390317612040569
88	92	1	0	0	0	2	0	0	0	0	0	1.5	50.0	0	0.33299999999999996	0.33299999999999996	0	0	0	2.0	15.0	0.017	1	-1	0	0	0.6659999999999999	0.017	0.6294429649167823
89	94	1	0	1	1	1	0	1	1	1	0	1.5	36.2	0	0.16699999999999998	0.33299999999999996	0	0	0	3.0	32.0	0.05	0	-1	0	1	0.5	0.05	0.6294429649167823
90	95	1	0	1	0	2	0	1	1	0	1	1.167	20.0	0	0.083	0.33299999999999996	0	0	0	1.5	12.5	0.083	1	-1	0	1	0.41600000000000004	0.083	0.8390317612040569
91	96	1	0	0	0	4	1	1	1	0	0	1.5	40.0	1	0.16699999999999998	0.33299999999999996	1	0	0	1.25	8.75	0.16699999999999998	1	-1	1	0	0.5	0.16699999999999998	1.535783546262419
92	97	1	0	0	0	2	0	1	1	0	1	1.5	30.0	1	0.41700000000000004	0.33299999999999996	1	1	0	1.3330000000000002	7.5	0.033	0	-1	1	0	0.75	0.033	0.8390317612040569
93	98	1	0	1	0	6	1	0	0	0	1	1.3330000000000002	22.0	0	0.25	0.25	0	0	0	1.5	6.667000000000001	0.0	1	-1	0	1	0.5	0.0	1.6383383900657613
94	99	1	0	0	0	5	1	1	0	0	1	2.0	45.0	0	0.41700000000000004	0.33299999999999996	0	0	0	1.5	19.998	0.083	1	-1	0	0	0.75	0.083	1.6383383900657613
95	100	1	0	0	0	2	0	1	0	0	1	2.0	40.0	1	0.083	0.25	0	0	0	2.25	15.0	0.083	1	-1	1	0	0.33299999999999996	0.083	0.8390317612040569
96	101	1	0	1	1	1	0	0	0	1	0	1.75	20.0	1	0.33299999999999996	0.41700000000000004	1	1	0	2.5	30.0	0.16699999999999998	1	-1	1	1	0.75	0.16699999999999998	0.6294429649167823
97	102	1	0	1	0	1	1	1	0	0	1	1.75	35.0	1	0.25	0.33299999999999996	0	0	0	1.5	50.0	0.017	1	-1	1	1	0.583	0.017	1.6383383900657613
98	103	1	0	0	0	2	0	1	1	0	0	2.0	50.0	0	0.067	0.75	1	0	0	1.75	5.25	0.05	0	-1	0	0	0.8170000000000001	0.05	0.6294429649167823
99	104	1	0	1	0	1	0	1	1	1	0	1.5	36.0	0	0.25	0.25	0	0	0	1.5	1.0	0.833	1	-1	0	1	0.5	0.833	0.6294429649167823
100	105	1	0	1	0	1	1	0	0	0	0	1.5	38.0	0	0.16699999999999998	0.33299999999999996	0	1	0	2.0	40.0	0.16699999999999998	1	-1	0	1	0.5	0.16699999999999998	1.535783546262419
101	106	1	0	0	0	5	0	1	0	0	1	2.0	40.0	1	0.25	0.75	1	0	0	1.25	12.0	0.033	0	-1	1	0	1.0	0.033	0.8390317612040569
102	107	1	0	0	0	3	0	1	0	0	0	1.5	23.75	0	0.33299999999999996	0.16699999999999998	0	0	0	1.3330000000000002	3.333	0.083	1	-1	0	0	0.5	0.083	0.6294429649167823
103	108	1	0	0	1	1	0	0	1	1	0	1.75	45.0	1	0.33299999999999996	0.33299999999999996	0	0	1	1.5	72.0	0.083	1	-1	1	0	0.6659999999999999	0.083	0.6294429649167823
104	109	1	0	0	0	1	0	0	1	0	0	1.5	40.0	1	0.25	0.33299999999999996	0	0	0	1.167	8.0	0.017	1	-1	1	0	0.583	0.017	0.6294429649167823
105	110	1	0	1	1	1	1	0	1	0	0	1.4169999999999998	36.2	0	0.25	0.25	0	0	0	2.0	90.0	0.11699999999999999	0	-1	0	1	0.5	0.11699999999999999	1.535783546262419
106	111	1	0	0	0	3	0	0	1	0	0	2.0	40.0	1	0.25	0.5	0	0	0	0.917	8.333	0.083	1	-1	1	0	0.75	0.083	0.6294429649167823
107	112	1	0	0	0	4	0	0	1	0	0	1.5	35.0	0	0.16699999999999998	0.5	0	0	0	1.5	10.0	0.017	1	-1	0	0	0.667	0.017	0.6294429649167823
108	113	1	0	1	0	2	1	1	0	0	1	2.0	10.0	1	0.16699999999999998	0.5	0	0	1	2.0	17.5	0.083	0	-1	1	1	0.667	0.083	1.6383383900657613
109	114	1	0	0	0	3	0	1	0	0	1	1.75	25.0	1	0.083	1.0	0	0	0	1.167	1.3330000000000002	0.033	0	-1	1	0	1.083	0.033	0.8390317612040569
110	116	1	0	1	0	2	1	1	1	1	1	1.5	35.0	0	0.16699999999999998	0.16699999999999998	0	0	0	2.5	30.0	0.083	0	-1	0	1	0.33399999999999996	0.083	1.6383383900657613
111	117	1	0	1	0	2	0	0	0	0	1	1.75	30.0	0	0.16699999999999998	0.16699999999999998	0	1	0	1.75	10.0	0.16699999999999998	0	-1	0	1	0.33399999999999996	0.16699999999999998	0.8390317612040569
112	118	1	0	1	0	6	1	0	0	1	1	2.0	30.5	2	0.11699999999999999	0.083	0	1	0	2.0	1.875	0.083	1	-1	2	1	0.2	0.083	1.6383383900657613
113	119	1	0	0	0	2	0	0	1	0	1	1.75	30.0	0	0.16699999999999998	0.5	0	1	0	1.5	12.5	0.033	1	-1	0	0	0.667	0.033	0.8390317612040569
114	120	1	0	0	0	3	1	1	1	0	1	1.5	35.0	1	0.083	0.5	1	0	0	2.0	4.167	0.083	1	-1	1	0	0.583	0.083	1.6383383900657613
115	121	1	0	1	0	1	0	1	0	1	0	1.5	30.0	0	0.16699999999999998	0.16699999999999998	0	0	0	1.5830000000000002	35.0	0.033	1	-1	0	1	0.33399999999999996	0.033	0.6294429649167823
116	122	1	0	1	0	1	0	1	0	1	0	1.5	21.7	0	0.16699999999999998	0.05	1	0	0	1.5	15.0	0.083	1	-1	0	1	0.217	0.083	0.6294429649167823
117	123	1	0	1	1	2	0	0	1	1	0	2.0	37.0	1	0.25	0.25	0	0	1	2.0	25.0	0.033	1	-1	1	1	0.5	0.033	0.6294429649167823
118	124	1	0	1	0	1	1	1	0	0	1	1.25	20.7	0	0.25	0.33299999999999996	0	0	0	1.5	15.0	0.017	1	-1	0	1	0.583	0.017	1.6383383900657613
119	125	1	0	1	0	4	1	0	1	1	0	2.333	10.0	2	0.083	0.16699999999999998	0	0	1	2.0	12.5	0.017	1	-1	2	1	0.25	0.017	1.535783546262419
120	126	1	0	1	1	1	0	0	1	1	1	1.75	45.0	1	0.16699999999999998	0.16699999999999998	0	1	0	1.75	12.0	0.05	0	-1	1	1	0.33399999999999996	0.05	0.8390317612040569
121	127	1	0	0	0	2	0	0	0	0	1	1.25	30.0	1	0.217	0.16699999999999998	0	1	0	1.5	6.25	0.083	0	-1	1	0	0.384	0.083	0.8390317612040569
122	128	1	0	1	0	1	0	0	0	0	0	2.5	36.0	1	0.16699999999999998	0.75	1	1	0	2.0	14.0	0.0	1	-1	1	1	0.917	0.0	0.6294429649167823
123	129	1	0	1	0	2	0	0	1	0	1	2.5	40.0	2	0.083	0.16699999999999998	1	0	0	2.0	15.0	0.15	0	-1	2	1	0.25	0.15	0.8390317612040569
124	130	1	0	0	0	2	1	1	0	0	0	1.5	36.2	1	0.33299999999999996	0.033	0	1	0	1.083	20.0	0.5	1	-1	1	0	0.366	0.5	1.535783546262419
125	131	1	0	1	0	1	0	0	0	0	1	1.8330000000000002	27.0	0	0.083	0.5	0	1	0	2.5	30.0	0.083	0	-1	0	1	0.583	0.083	0.8390317612040569
126	132	1	0	0	0	3	0	0	1	1	0	1.25	45.0	1	0.25	0.33299999999999996	0	0	0	1.3330000000000002	18.333	0.083	1	-1	1	0	0.583	0.083	0.6294429649167823
127	133	1	0	0	0	1	0	0	0	0	1	1.0	40.0	0	0.33299999999999996	0.25	0	0	1	1.25	20.0	0.083	0	-1	0	0	0.583	0.083	0.8390317612040569
128	134	1	0	0	0	3	0	1	0	0	1	2.0	50.0	1	0.16699999999999998	0.25	1	1	0	1.5	3.333	0.0	1	-1	1	0	0.41700000000000004	0.0	0.8390317612040569
129	135	1	0	0	0	2	1	1	0	0	1	1.8330000000000002	38.0	1	0.16699999999999998	0.16699999999999998	1	0	0	1.5	11.25	0.083	0	-1	1	0	0.33399999999999996	0.083	1.6383383900657613
130	136	1	0	0	0	5	1	1	1	0	1	1.5	50.0	1	0.75	0.5	0	1	0	1.75	2.0	0.33299999999999996	1	-1	1	0	1.25	0.33299999999999996	1.6383383900657613
131	137	1	0	0	0	3	0	0	0	1	0	1.5	35.0	0	0.16699999999999998	0.33299999999999996	0	1	0	1.75	5.0	0.25	0	-1	0	0	0.5	0.25	0.6294429649167823
132	138	1	0	0	0	5	0	0	1	0	0	1.8330000000000002	45.0	2	0.16699999999999998	0.33299999999999996	1	0	0	1.5	0.95	0.017	1	-1	2	0	0.5	0.017	0.6294429649167823
133	139	1	0	0	0	4	0	0	0	1	0	2.0	35.0	1	0.16699999999999998	0.033	0	1	0	1.5	1.875	0.16699999999999998	1	-1	1	0	0.2	0.16699999999999998	0.6294429649167823
134	140	1	0	0	1	2	0	1	0	0	1	1.3330000000000002	34.5	0	0.25	0.41700000000000004	0	0	0	1.75	7.5	0.017	1	-1	0	0	0.667	0.017	0.8390317612040569
135	141	1	0	0	0	2	0	1	1	0	0	1.5	40.0	1	0.083	0.33299999999999996	1	0	0	1.5	17.5	0.083	1	-1	1	0	0.41600000000000004	0.083	0.6294429649167823
136	142	1	0	0	0	3	0	0	0	0	1	0.75	40.0	1	0.33299999999999996	0.33299999999999996	0	0	0	1.0	6.667000000000001	0.25	0	-1	1	0	0.6659999999999999	0.25	0.8390317612040569
137	143	1	0	0	0	2	0	0	1	0	0	1.5	25.0	1	0.5	0.33299999999999996	1	0	0	1.25	10.0	0.0	1	-1	1	0	0.833	0.0	0.6294429649167823
138	144	1	0	0	0	3	0	0	1	0	1	1.5	14.0	2	0.16699999999999998	0.33299999999999996	1	0	0	1.75	2.5	0.017	1	-1	2	0	0.5	0.017	0.8390317612040569
139	145	1	0	1	0	2	0	1	0	0	1	1.75	48.0	1	0.33299999999999996	0.11699999999999999	0	0	0	1.5	12.5	0.083	0	-1	1	1	0.45	0.083	0.8390317612040569
140	146	1	0	0	1	1	0	0	1	1	0	1.5	32.0	2	0.25	0.75	1	0	0	1.75	32.0	0.017	1	-1	2	0	1.0	0.017	0.6294429649167823
141	147	1	0	1	0	1	1	0	1	0	1	1.75	35.0	0	0.16699999999999998	0.2	0	0	0	2.0	35.0	0.25	1	-1	0	1	0.36700000000000005	0.25	1.6383383900657613
142	148	1	0	0	0	2	0	0	1	0	1	1.75	50.0	0	0.16699999999999998	0.41700000000000004	0	0	0	1.5	27.5	0.017	1	-1	0	0	0.584	0.017	0.8390317612040569
143	149	1	0	0	0	1	0	1	0	0	0	1.3330000000000002	30.0	0	0.25	0.33299999999999996	0	0	0	1.25	20.0	0.017	1	-1	0	0	0.583	0.017	0.6294429649167823
144	150	1	0	0	0	2	0	1	0	1	0	1.5830000000000002	25.0	1	0.11699999999999999	0.083	0	0	0	1.75	15.0	0.017	0	-1	1	0	0.2	0.017	0.6294429649167823
145	151	1	0	0	0	5	0	0	0	0	1	2.25	30.0	2	0.16699999999999998	0.33299999999999996	0	0	0	1.75	3.0	0.017	0	-1	2	0	0.5	0.017	0.8390317612040569
146	152	1	0	0	0	4	0	0	0	0	0	1.5	30.0	0	0.33299999999999996	0.133	0	1	0	2.0	1.25	0.133	1	-1	0	0	0.466	0.133	0.6294429649167823
147	153	1	0	0	0	4	0	1	0	1	1	1.5	35.0	0	0.16699999999999998	0.5	0	0	0	1.5	6.25	0.083	0	-1	0	0	0.667	0.083	0.8390317612040569
148	154	1	0	1	1	2	0	1	0	1	0	2.0	40.2	1	0.16699999999999998	0.16699999999999998	1	0	0	1.5	15.0	0.017	1	-1	1	1	0.33399999999999996	0.017	0.6294429649167823
149	155	1	0	0	0	2	1	1	0	1	1	2.0	35.0	2	0.25	0.5	0	0	0	1.25	6.25	0.017	1	-1	2	0	0.75	0.017	1.6383383900657613
150	156	1	0	1	0	3	0	1	1	0	1	1.25	31.0	0	0.16699999999999998	0.5	0	0	0	1.5	25.0	0.017	1	-1	0	1	0.667	0.017	0.8390317612040569
151	157	1	0	0	0	2	1	1	1	0	0	1.5	55.0	0	0.25	0.5	0	0	1	1.4169999999999998	16.25	0.017	1	-1	0	0	0.75	0.017	1.535783546262419
152	158	1	0	0	0	4	0	1	0	1	1	1.75	45.0	2	0.33299999999999996	0.5	1	0	0	1.5	1.375	0.017	1	-1	2	0	0.833	0.017	0.8390317612040569
153	159	1	0	0	0	2	1	1	1	0	0	1.5	30.0	1	0.5	1.0	0	0	0	2.0	9.0	0.017	1	-1	1	0	1.5	0.017	1.535783546262419
154	160	1	0	0	0	2	0	1	1	0	0	1.5	30.0	1	0.5	0.017	0	1	0	1.5	8.0	0.017	0	-1	1	0	0.517	0.017	0.6294429649167823
155	161	1	0	0	1	1	0	0	1	1	0	1.5	52.5	0	0.16699999999999998	0.33299999999999996	0	1	1	1.5	50.0	0.017	1	-1	0	0	0.5	0.017	0.6294429649167823
156	162	1	0	1	0	1	1	1	1	0	1	2.0	25.0	1	0.11699999999999999	0.25	0	0	0	2.0	40.5	0.017	1	-1	1	1	0.36700000000000005	0.017	1.6383383900657613
157	163	1	0	0	0	4	0	1	0	0	0	1.0	35.0	0	0.33299999999999996	0.33299999999999996	0	0	0	1.75	0.625	0.017	1	-1	0	0	0.6659999999999999	0.017	0.6294429649167823
158	164	1	0	0	0	2	1	1	0	0	1	1.5	35.0	0	0.33299999999999996	0.75	0	0	0	0.75	15.0	0.017	1	-1	0	0	1.083	0.017	1.6383383900657613
159	165	1	0	0	0	4	1	1	0	0	1	1.5	35.0	1	0.2	0.25	0	0	0	1.8330000000000002	1.875	0.033	1	-1	1	0	0.45	0.033	1.6383383900657613
160	166	1	0	0	0	2	0	1	0	1	1	1.5	27.0	0	0.11699999999999999	0.5	0	0	0	1.5	12.5	0.083	0	-1	0	0	0.617	0.083	0.8390317612040569
161	167	1	0	0	1	3	1	1	0	1	1	1.5	52.0	1	0.33299999999999996	1.0	0	0	0	1.75	5.0	0.017	0	-1	1	0	1.3330000000000002	0.017	1.6383383900657613
162	168	1	0	1	0	4	1	0	1	1	0	2.5	30.0	0	0.083	0.25	1	0	0	3.0	5.0	0.0	1	-1	0	1	0.33299999999999996	0.0	1.535783546262419
163	169	1	0	1	1	1	0	0	0	1	1	2.0	41.6	1	0.16699999999999998	0.083	0	1	0	1.5	35.0	0.033	0	-1	1	1	0.25	0.033	0.8390317612040569
164	170	1	0	0	0	2	0	0	1	1	0	1.75	40.0	1	0.16699999999999998	0.25	1	0	0	1.5	6.25	0.083	1	-1	1	0	0.41700000000000004	0.083	0.6294429649167823
165	171	1	0	0	0	2	0	0	1	1	0	1.083	30.0	1	0.5	0.25	0	0	0	1.5	31.25	0.017	0	-1	1	0	0.75	0.017	0.6294429649167823
166	172	1	0	1	0	2	1	0	0	1	1	1.5830000000000002	35.0	0	0.25	0.33299999999999996	0	0	0	2.0	8.75	0.16699999999999998	0	-1	0	1	0.583	0.16699999999999998	1.6383383900657613
167	173	1	0	0	0	1	0	1	1	0	1	2.0	50.0	0	0.25	0.33299999999999996	1	0	0	2.0	10.0	0.017	1	-1	0	0	0.583	0.017	0.8390317612040569
168	174	1	0	1	0	2	1	1	1	0	1	2.0	32.0	1	0.083	0.0	0	1	0	1.5	20.0	0.0	1	-1	1	1	0.083	0.0	1.6383383900657613
169	175	1	0	1	1	1	0	0	1	1	1	1.5830000000000002	36.2	0	0.16699999999999998	0.41700000000000004	1	0	0	1.3330000000000002	30.0	0.017	1	-1	0	1	0.584	0.017	0.8390317612040569
170	176	1	0	0	0	2	1	1	0	0	1	2.0	30.0	2	0.16699999999999998	0.25	1	0	0	2.0	10.0	0.25	0	-1	2	0	0.41700000000000004	0.25	1.6383383900657613
171	177	1	0	0	0	2	0	1	1	0	1	1.25	20.0	0	0.16699999999999998	0.5	1	0	0	1.5	8.75	0.083	1	-1	0	0	0.667	0.083	0.8390317612040569
172	178	1	0	0	0	3	0	0	1	1	0	1.5	28.0	1	0.33299999999999996	0.16699999999999998	0	1	0	1.75	4.0	0.033	1	-1	1	0	0.5	0.033	0.6294429649167823
173	179	1	0	1	0	5	0	1	0	0	1	1.5	36.2	0	0.16699999999999998	0.5	0	0	0	2.0	10.0	0.33299999999999996	0	-1	0	1	0.667	0.33299999999999996	0.8390317612040569
174	180	1	0	0	0	3	0	1	0	1	1	1.25	30.0	0	0.16699999999999998	0.5	1	0	0	2.0	3.333	0.083	1	-1	0	0	0.667	0.083	0.8390317612040569
175	181	1	0	1	0	1	1	1	1	0	1	1.75	27.0	2	0.33299999999999996	0.16699999999999998	1	0	0	2.0	50.0	0.017	1	-1	2	1	0.5	0.017	1.6383383900657613
176	182	1	0	0	0	5	0	1	0	0	1	2.0	50.0	2	0.25	0.25	0	0	0	2.0	2.0	0.0	1	-1	2	0	0.5	0.0	0.8390317612040569
177	183	1	0	0	0	2	1	0	1	0	0	1.3330000000000002	36.5	1	0.33299999999999996	0.33299999999999996	0	0	0	1.5	12.5	0.017	1	-1	1	0	0.6659999999999999	0.017	1.535783546262419
178	184	1	0	0	0	2	0	0	1	0	0	1.5	20.0	1	0.11699999999999999	0.5	0	0	0	1.25	5.0	0.16699999999999998	1	-1	1	0	0.617	0.16699999999999998	0.6294429649167823
179	185	1	0	1	0	1	1	0	1	1	0	1.6669999999999998	52.0	0	0.25	0.16699999999999998	0	0	1	1.5	65.0	0.16699999999999998	1	-1	0	1	0.41700000000000004	0.16699999999999998	1.535783546262419
180	186	1	0	0	1	2	0	0	1	1	0	1.75	45.0	1	0.33299999999999996	0.16699999999999998	0	1	0	1.75	9.0	0.16699999999999998	0	-1	1	0	0.5	0.16699999999999998	0.6294429649167823
181	187	1	0	0	0	2	0	1	0	1	1	1.5	35.0	1	0.25	0.33299999999999996	0	0	0	1.5	7.5	0.017	1	-1	1	0	0.583	0.017	0.8390317612040569
182	188	1	0	0	0	2	0	0	0	0	0	1.5	35.0	0	0.5	0.25	0	0	0	1.25	10.0	0.017	1	-1	0	0	0.75	0.017	0.6294429649167823
183	189	1	0	0	0	2	0	0	1	0	0	1.75	30.0	0	0.16699999999999998	0.5	0	0	0	2.25	17.5	0.16699999999999998	0	-1	0	0	0.667	0.16699999999999998	0.6294429649167823
184	190	1	0	1	0	3	0	0	1	0	1	1.5830000000000002	35.0	0	0.083	0.33299999999999996	0	0	0	1.75	14.667	0.083	1	-1	0	1	0.41600000000000004	0.083	0.8390317612040569
185	191	1	0	0	0	1	0	0	0	1	0	1.5	22.5	1	0.25	0.5	1	0	0	1.5	22.0	0.033	1	-1	1	0	0.75	0.033	0.6294429649167823
186	192	1	0	0	0	2	1	1	0	0	1	1.0	35.0	0	0.5	0.33299999999999996	0	0	0	1.5	20.0	0.033	1	-1	0	0	0.833	0.033	1.6383383900657613
187	194	1	0	1	1	4	0	0	0	1	0	2.0	23.0	1	0.16699999999999998	0.25	0	1	0	2.5	6.25	0.16699999999999998	0	-1	1	1	0.41700000000000004	0.16699999999999998	0.6294429649167823
188	195	1	0	0	1	2	0	0	1	1	1	1.5	25.0	1	0.33299999999999996	0.5	0	0	0	1.5	6.0	0.033	1	-1	1	0	0.833	0.033	0.8390317612040569
189	196	1	0	1	0	3	0	0	1	1	1	1.5	35.0	0	0.5	0.25	1	1	0	1.6669999999999998	11.667	0.083	0	-1	0	1	0.75	0.083	0.8390317612040569
190	197	1	0	0	0	2	1	0	1	1	0	1.0	37.0	1	0.667	0.25	0	0	0	1.5	11.0	0.033	1	-1	1	0	0.917	0.033	1.535783546262419
191	198	1	0	0	0	2	0	0	0	0	1	1.25	40.0	0	0.16699999999999998	0.16699999999999998	1	0	0	1.3330000000000002	3.75	0.25	0	-1	0	0	0.33399999999999996	0.25	0.8390317612040569
192	200	1	0	1	1	1	0	0	0	1	0	1.5	35.0	0	0.16699999999999998	0.16699999999999998	1	0	0	2.0	25.0	0.017	1	-1	0	1	0.33399999999999996	0.017	0.6294429649167823
193	201	1	0	0	0	2	0	0	1	0	0	2.0	30.0	1	0.16699999999999998	0.16699999999999998	0	0	0	1.5	5.5	0.083	0	-1	1	0	0.33399999999999996	0.083	0.6294429649167823
194	202	1	0	0	0	5	1	0	1	0	0	1.5	35.0	0	0.133	0.25	1	0	0	1.5	1.5	0.16699999999999998	1	-1	0	0	0.38299999999999995	0.16699999999999998	1.535783546262419
195	203	1	0	1	0	6	0	0	0	0	0	1.3330000000000002	50.0	1	0.25	0.25	0	0	0	2.0	4.167	0.16699999999999998	0	-1	1	1	0.5	0.16699999999999998	0.6294429649167823
196	204	1	0	0	0	2	0	0	0	0	0	2.167	50.0	1	0.41700000000000004	0.133	0	0	0	1.25	17.5	0.0	1	-1	1	0	0.55	0.0	0.6294429649167823
197	205	1	0	0	0	4	1	1	0	0	1	2.0	40.0	1	0.33299999999999996	0.5	0	0	0	1.5	0.75	0.083	1	-1	1	0	0.833	0.083	1.6383383900657613
198	206	1	0	0	0	5	0	0	1	1	0	2.5	30.0	1	0.25	0.5	0	0	0	2.0	10.0	0.083	1	-1	1	0	0.75	0.083	0.6294429649167823
199	207	1	0	0	0	2	0	1	0	0	0	1.0	30.0	1	0.16699999999999998	0.33299999999999996	0	0	0	1.5	12.5	0.083	0	-1	1	0	0.5	0.083	0.6294429649167823
200	208	1	0	1	0	3	0	0	1	1	1	1.5	35.0	2	0.16699999999999998	0.083	0	1	0	1.75	3.333	0.083	1	-1	2	1	0.25	0.083	0.8390317612040569
201	209	1	0	0	0	2	0	1	0	1	1	1.5	29.0	0	0.33299999999999996	0.16699999999999998	0	0	0	1.75	7.5	0.083	1	-1	0	0	0.5	0.083	0.8390317612040569
202	210	1	0	0	0	2	0	0	0	0	1	1.5	25.0	1	0.16699999999999998	0.083	0	1	0	1.5	15.0	0.16699999999999998	0	-1	1	0	0.25	0.16699999999999998	0.8390317612040569
203	211	1	0	0	0	3	1	1	0	0	0	1.25	40.0	0	0.33299999999999996	0.33299999999999996	0	0	0	1.25	8.333	0.033	1	-1	0	0	0.6659999999999999	0.033	1.535783546262419
204	212	1	0	0	0	2	0	0	0	0	1	1.167	25.0	0	0.16699999999999998	0.16699999999999998	0	0	0	1.5	9.0	0.16699999999999998	1	-1	0	0	0.33399999999999996	0.16699999999999998	0.8390317612040569
205	213	1	0	1	1	4	0	0	1	1	1	1.5	26.0	0	0.16699999999999998	0.25	0	0	0	1.5	3.75	0.083	1	-1	0	1	0.41700000000000004	0.083	0.8390317612040569
206	214	1	0	1	1	2	0	0	1	1	0	1.6669999999999998	25.0	0	0.11699999999999999	0.16699999999999998	1	0	0	1.75	10.0	0.083	0	-1	0	1	0.284	0.083	0.6294429649167823
207	215	1	0	0	0	4	0	0	0	1	1	1.75	32.5	1	0.33299999999999996	0.41700000000000004	0	0	0	1.5830000000000002	3.125	0.0	1	-1	1	0	0.75	0.0	0.8390317612040569
208	216	1	0	0	1	3	0	1	0	1	0	1.75	30.0	1	0.16699999999999998	0.5	0	0	0	1.25	14.667	0.017	1	-1	1	0	0.667	0.017	0.6294429649167823
209	217	1	0	1	0	2	0	1	0	0	1	1.0	40.0	0	0.33299999999999996	0.16699999999999998	0	1	0	2.0	10.0	0.33299999999999996	0	-1	0	1	0.5	0.33299999999999996	0.8390317612040569
210	218	1	0	0	0	2	1	1	1	1	0	1.25	40.0	1	0.75	0.33299999999999996	0	0	0	2.0	33.75	0.017	1	-1	1	0	1.083	0.017	1.535783546262419
211	219	1	0	1	0	5	0	1	0	0	1	2.0	35.0	2	0.083	0.33299999999999996	1	0	1	1.25	6.4	0.033	0	-1	2	1	0.41600000000000004	0.033	0.8390317612040569
212	220	1	0	1	0	6	0	1	0	0	1	2.0	30.0	1	0.16699999999999998	0.16699999999999998	0	0	0	1.5	2.083	0.16699999999999998	0	-1	1	1	0.33399999999999996	0.16699999999999998	0.8390317612040569
213	221	1	0	0	0	4	1	1	1	0	0	2.0	48.0	1	0.25	0.33299999999999996	0	0	1	1.8330000000000002	1.875	0.017	1	-1	1	0	0.583	0.017	1.535783546262419
214	222	1	0	0	0	5	0	0	1	0	0	1.3330000000000002	26.5	1	0.16699999999999998	0.083	1	1	0	1.3330000000000002	4.2	0.16699999999999998	1	-1	1	0	0.25	0.16699999999999998	0.6294429649167823
215	223	1	0	1	0	3	0	0	0	1	0	1.5	35.7	1	0.16699999999999998	0.16699999999999998	1	0	0	2.0	16.667	0.017	1	-1	1	1	0.33399999999999996	0.017	0.6294429649167823
216	224	1	0	0	1	1	1	0	1	0	0	2.0	45.0	2	0.25	0.017	0	1	0	2.0	75.0	0.017	0	-1	2	0	0.267	0.017	1.535783546262419
217	225	1	0	0	0	2	0	1	0	0	0	1.5	25.0	0	0.16699999999999998	0.33299999999999996	1	0	0	1.5	7.5	0.0	1	-1	0	0	0.5	0.0	0.6294429649167823
218	226	1	0	0	0	2	1	0	0	1	1	1.5	40.0	1	0.16699999999999998	0.33299999999999996	0	1	0	1.25	12.5	0.017	0	-1	1	0	0.5	0.017	1.6383383900657613
219	227	1	0	1	1	1	0	0	1	1	0	1.5	47.0	1	0.25	0.083	1	0	0	1.5	72.0	0.033	0	-1	1	1	0.33299999999999996	0.033	0.6294429649167823
220	228	1	0	0	0	2	1	1	1	0	0	2.0	52.0	1	0.16699999999999998	0.33299999999999996	0	0	0	1.5	9.0	0.017	1	-1	1	0	0.5	0.017	1.535783546262419
221	229	1	0	0	0	2	0	1	0	0	0	2.0	45.0	0	0.25	0.33299999999999996	0	0	0	1.5	20.0	0.0	0	-1	0	0	0.583	0.0	0.6294429649167823
222	230	1	0	1	0	1	0	1	0	0	0	1.75	30.0	0	0.2	0.017	0	1	0	1.25	30.0	0.017	1	-1	0	1	0.217	0.017	0.6294429649167823
223	231	1	0	0	0	2	0	0	0	0	0	1.6669999999999998	38.0	1	0.33299999999999996	0.41700000000000004	0	0	0	1.3330000000000002	14.0	0.067	1	-1	1	0	0.75	0.067	0.6294429649167823
224	232	1	0	0	0	4	0	0	1	0	0	1.6669999999999998	40.0	1	0.16699999999999998	0.5	0	0	0	1.3330000000000002	17.5	0.0	1	-1	1	0	0.667	0.0	0.6294429649167823
225	233	1	0	0	0	2	1	0	1	1	0	1.75	27.0	0	0.083	0.25	0	0	0	1.5	6.25	0.33299999999999996	1	-1	0	0	0.33299999999999996	0.33299999999999996	1.535783546262419
226	234	1	0	0	0	3	0	1	0	0	0	1.25	44.0	1	0.16699999999999998	0.33299999999999996	0	0	0	1.25	21.666999999999998	0.017	0	-1	1	0	0.5	0.017	0.6294429649167823
227	235	1	0	0	0	4	1	1	0	1	1	1.0	30.0	2	0.16699999999999998	0.083	0	1	0	1.5	6.25	0.017	1	-1	2	0	0.25	0.017	1.6383383900657613
